RRinc	Quintile Index(i)	Running POP	pop
0  0	0.7647675	0.7647675
38	0	7.0122576	6.2474901
60	0	13.2597477	6.2474901
63	0	13.9900219	0.7302742
74	0	17.1826113	3.1925894
75	0	17.6064074	0.4237961
76	0	23.8538975	6.2474901
77	0	24.2197435	0.365846
84	0	39.2863165	15.066573
92	0	45.5338066	6.2474901
108	0	50.959686	5.4258794
110	0	57.2071761	6.2474901
112	0	61.0527179	3.8455418
116	0	62.0145645	0.9618466
124	0	66.2413312	4.2267667
127	0	81.3079042	15.066573
128	0	82.3083134	1.0004092
132	0	82.7321095	0.4237961
133	0	83.0979555	0.365846
134	0	89.3454456	6.2474901
136	0	90.7459569	1.4005113
142	0	92.7005851	1.9546282
144	0	93.4949236	0.7943385
148	0	94.7328848	1.2379612
159	0	94.8360595	0.1031747
161	0	96.2820585	1.445999
164	0	102.5295486	6.2474901
167	0	106.3750904	3.8455418
168	0	107.5352749	1.1601845
173	0	122.6018479	15.066573
176	0	126.8286146	4.2267667
177	0	128.7832428	1.9546282
181	0	129.7391538	0.955911
182	0	130.739563	1.0004092
183	0	131.1633591	0.4237961
184	0	133.3966491	2.23329
185	0	133.9602068	0.5635577
193	0	140.6779715	6.7177647
196	0	145.1785497	4.5005782
201	0	145.5443957	0.365846
206	0	146.944907	1.4005113
209	0	150.7904488	3.8455418
210	0	157.0379389	6.2474901
215	0	158.9925671	1.9546282
220	0	159.7869056	0.7943385
221	0	160.3645893	0.5776837
222	0	164.591356	4.2267667
223	0	181.103928	16.512572
225	0	182.5489287	1.4450007
226	0	183.5493379	1.0004092
229	0	183.6525126	0.1031747
233	0	185.9151721	2.2626595
235	0	187.8138728	1.8987007
236	0	188.1797188	0.365846
238	0	190.4130088	2.23329
239	0	190.8368049	0.4237961
245	0	194.6823467	3.8455418
246	0	195.0118721	0.3295254
247	0	209.5597021	14.54783
249	0	210.7976633	1.2379612
250	0	211.5920018	0.7943385
252	0	213.1501129	1.5581111
254	0	214.5191975	1.3690846
259	0	218.0253515	3.506154
262	0	219.4258628	1.4005113
265	0	254.6039748	35.178112
267	0	254.7117659	0.1077911
268	1	346.0906192	91.3788533
271	1	346.5289892	0.43837
273	1	347.5293984	1.0004092
274	1	347.8952444	0.365846
278	1	362.9618174	15.066573
279	1	366.8073592	3.8455418
284	1	368.2533582	1.445999
285	1	443.6262286	75.3728704
286	1	447.5545063	3.9282777
288	1	448.999507	1.4450007
289	1	455.2469971	6.2474901
291	1	457.4802871	2.23329
293	1	458.0579708	0.5776837
296	1	460.9485066	2.8905358
302	1	473.039093	12.0905864
303	1	488.0107191	14.9716261
309	1	488.1138938	0.1031747
312	1	499.5184226	11.4045288
313	1	502.8553152	3.3368926
316	1	507.7796007	4.9242855
317	1	512.0063674	4.2267667
320	1	513.2443286	1.2379612
321	1	518.4116274	5.1672988
322	1	527.4289413	9.0173139
324	1	528.9804671	1.5515258
325	1	529.5826672	0.6022001
326	1	539.0953064	9.5126392
328	1	539.2030975	0.1077911
332	1	539.997436	0.7943385
336	1	542.2600955	2.2626595
344	1	609.2490063	66.9889108
345	2	610.6950053	1.445999
346	2	631.2943297	20.5993244
348	2	632.7000037	1.405674
350	2	634.9332937	2.23329
353	2	718.8415497	83.908256
354	2	720.7402504	1.8987007
357	2	738.4220196	17.6817692
361	2	743.3013218	4.8793022
362	2	743.8790055	0.5776837
363	2	744.2085309	0.3295254
367	2	748.0540727	3.8455418
370	2	752.2808394	4.2267667
378	2	753.6813507	1.4005113
379	2	756.5718865	2.8905358
381	2	757.0658189	0.4939324
383	2	757.4316649	0.365846
385	2	832.8045353	75.3728704
386	2	832.9123264	0.1077911
389	2	836.4184804	3.506154
391	2	837.4188896	1.0004092
392	2	849.7793294	12.3604398
393	2	850.3815295	0.6022001
394	2	851.7637939	1.3822644
398	2	867.9957241	16.2319302
402	2	868.6187483	0.6230242
403	2	874.7859606	6.1672123
406	2	875.1266093	0.3406487
407	2	875.7395721	0.6129628
408	3	959.6478281	83.908256
409	3	962.4423576	2.7945295
410	3	978.4361866	15.993829
414	3	995.1804124	16.7442258
415	3	996.4183736	1.2379612
418	3	998.6516636	2.23329
422	3	1008.338119	9.6864555
423	3	1043.516231	35.178112
427	3	1058.582804	15.066573
430	3	1059.160488	0.5776837
431	3	1063.00603	3.8455418
432	3	1063.967876	0.9618466
433	3	1067.101815	3.1339392
434	3	1075.614045	8.51223
435	3	1080.40437	4.7903244
436	3	1082.42607	2.0217
443	3	1082.533861	0.1077911
447	3	1082.618226	0.0843651
448	3	1093.680942	11.0627158
450	3	1094.119312	0.43837
452	3	1095.519823	1.4005113
458	3	1099.961885	4.4420616
460	3	1183.870141	83.908256
462	3	1184.472341	0.6022001
465	3	1195.87687	11.4045288
466	3	1211.8697	15.9928307
470	3	1212.825611	0.955911
471	3	1219.603614	6.7780029
474	4	1221.315404	1.7117898
475	4	1222.315813	1.0004092
476	4	1224.578473	2.2626595
479	4	1241.322699	16.7442258
482	4	1319.270727	77.9480287
484	4	1319.636573	0.365846
485	4	1322.451657	2.8150836
488	4	1334.542243	12.0905864
497	4	1337.560072	3.0178292
502	4	1339.793362	2.23329
503	4	1340.478837	0.6854748
506	4	1375.656949	35.178112
507	4	1376.726619	1.0696695
511	4	1377.520957	0.7943385
514	4	1467.805189	90.2842319
516	4	1470.939128	3.1339392
520	4	1476.739298	5.80017
523	4	1481.036201	4.296903
527	4	1490.053515	9.0173139
529	4	1491.929393	1.8758778
530	4	1506.477223	14.54783
533	4	1507.922224	1.4450007
534	4	1519.326753	11.4045288
535	4	1522.217288	2.8905358
536	4	1522.819488	0.6022001
538	5	1532.883244	10.0637558
542	5	1557.4598	24.5765556
544	5	1558.190074	0.7302742
546	5	1573.256647	15.066573
549	5	1574.657158	1.4005113
551	5	1576.919818	2.2626595
556	5	1578.941518	2.0217
557	5	1580.323782	1.3822644
559	5	1581.279693	0.955911
560	5	1582.517654	1.2379612
565	5	1587.018233	4.5005782
569	5	1588.103074	1.0848414
575	5	1589.549073	1.445999
576	5	1673.457329	83.908256
582	5	1760.920786	87.4634568
583	5	1761.827995	0.9072091
588	5	1763.726696	1.8987007
595	5	1798.904808	35.178112
597	5	1799.905217	1.0004092
602	5	1799.989582	0.0843651
606	5	1811.394111	11.4045288
607	5	1825.941941	14.54783
609	6	1842.686167	16.7442258
611	6	1842.952914	0.2667474
612	6	1846.086853	3.1339392
616	6	1852.849526	6.7626729
617	6	1855.740062	2.8905358
618	6	1856.342262	0.6022001
620	6	1865.354912	9.0126501
626	6	1865.52965	0.1747383
627	6	1868.773481	3.2438306
628	6	1869.197277	0.4237961
634	6	1871.459937	2.2626595
636	6	1873.57502	2.1150835
641	6	1882.08725	8.51223
643	6	1882.190425	0.1031747
644	6	1894.225568	12.0351431
645	6	1894.67778	0.4522124
647	6	1896.060045	1.3822644
650	6	1980.076092	84.0160471
658	6	1981.95197	1.8758778
660	6	1982.30898	0.3570107
663	6	1982.379117	0.0701363
669	6	1983.335028	0.955911
672	6	1987.561794	4.2267667
676	6	1989.583494	2.0217
681	6	1990.161178	0.5776837
682	6	2002.251764	12.0905864
683	6	2018.99599	16.7442258
685	6	2030.400519	11.4045288
686	6	2031.80103	1.4005113
687	6	2107.173901	75.3728704
698	6	2107.503426	0.3295254
699	7	2142.681538	35.178112
700	7	2144.796679	2.1151406
705	7	2152.992561	8.1958828
708	7	2155.883097	2.8905358
712	7	2170.430927	14.54783
713	7	2172.329628	1.8987007
716	7	2229.422262	57.0926336
720	7	2230.024462	0.6022001
722	7	2237.856791	7.8323298
730	7	2239.301792	1.4450007
733	7	2241.564452	2.2626595
735	7	2244.698391	3.1339392
736	7	2247.862864	3.1644735
738	7	2248.203513	0.3406487
740	7	2251.447344	3.2438306
743	7	2252.40919	0.9618466
747	7	2255.541336	3.1321453
748	7	2264.053566	8.51223
749	7	2347.961822	83.908256
750	7	2349.344086	1.3822644
754	7	2349.957049	0.6129628
755	7	2350.041414	0.0843651
756	7	2365.107987	15.066573
760	7	2365.215778	0.1077911
767	7	2365.523687	0.3079087
771	7	2367.698237	2.17455
773	7	2391.534835	23.8365988
774	7	2394.552665	3.0178292
775	7	2394.991035	0.43837
780	7	2406.395563	11.4045288
781	7	2415.412877	9.0173139
788	7	2415.61813	0.2052524
791	7	2419.463672	3.8455418
794	7	2420.869346	1.405674
795	7	2434.83581	13.9664642
803	7	2436.85751	2.0217
805	7	2437.587784	0.7302742
806	7	2437.65792	0.0701363
809	8	2513.030791	75.3728704
810	8	2521.235463	8.2046722
813	8	2521.813147	0.5776837
819	8	2524.703682	2.8905358
820	8	2525.704092	1.0004092
822	8	2528.996467	3.2923757
823	8	2530.229167	1.2326993
826	8	2565.736804	35.5076374
828	8	2567.851105	2.1143012
835	8	2568.8176	0.9664948
837	8	2576.64993	7.8323298
839	8	2581.150508	4.5005782
848	8	2581.729208	0.5787
854	8	2586.378109	4.6489015
858	8	2587.247057	0.8689475
861	8	2591.218487	3.9714298
865	8	2594.462317	3.2438306
870	8	2602.974547	8.51223
878	8	2604.356812	1.3822644
879	8	2623.511135	19.1543237
882	8	2625.773795	2.2626595
890	8	2626.197591	0.4237961
892	8	2640.745421	14.54783
894	8	2657.489647	16.7442258
899	8	2660.507476	3.0178292
906	8	2662.187035	1.6795593
907	8	2677.033412	14.8463767
910	9	2760.941668	83.908256
912	9	2762.387667	1.445999
914	9	2762.562405	0.1747383
915	9	2762.64677	0.0843651
917	9	2762.655466	0.0086956
921	9	2767.188123	4.5326566
922	9	2768.633123	1.4450007
925	9	2768.990134	0.3570107
935	9	2781.08072	12.0905864
937	9	2781.414126	0.3334052
938	9	2782.78321	1.3690846
941	9	2784.934572	2.1513622
942	9	2785.372942	0.43837
944	9	2802.222586	16.8496437
946	9	2806.120164	3.8975778
947	9	2806.227955	0.1077911
949	9	2806.897097	0.6691416
958	9	2882.269967	75.3728704
959	9	2893.402819	11.1328521
962	9	2900.547757	7.1449379
969	9	2903.438293	2.8905358
974	9	2904.232631	0.7943385
980	9	2904.598477	0.365846
982	9	2904.928003	0.3295254
992	9	2905.459873	0.53187
1003	9	2907.011399	1.5515258
1004	9	2942.189511	35.178112
1006	9	2943.151357	0.9618466
1014	9	2947.008151	3.8567934
1018	9	3012.613014	65.6048636
1025	9	3015.630843	3.0178292
1027	9	3017.529544	1.8987007
1035	9	3018.107228	0.5776837
1043	9	3018.415136	0.3079087
1044	9	3018.978694	0.5635577
1050	9	3019.245442	0.2667474
1054	9	3019.58609	0.3406487
1056	9	3028.800684	9.2145942
1058	9	3031.647018	2.8463338
1069	9	3036.52632	4.8793022
1075	9	3037.931994	1.405674
1077	9	3038.694334	0.7623395
1082	9	3039.650245	0.955911
1084	9	3040.319387	0.6691416
1089	9	3040.898087	0.5787
1090	9	3040.982452	0.0843651
1092	9	3043.879126	2.8966747
1095	9	3044.502151	0.6230242
1096	9	3045.104351	0.6022001
1099	10	3061.848576	16.7442258
1100	10	3065.857062	4.0084853
1104	10	3066.823557	0.9664948
1105	10	3067.558579	0.7350221
1111	10	3069.580279	2.0217
1113	10	3070.310553	0.7302742
1118	10	3081.715082	11.4045288
1119	10	3081.88982	0.1747383
1121	10	3084.152479	2.2626595
1123	10	3084.357732	0.2052524
1124	10	3086.23361	1.8758778
1125	10	3086.67198	0.43837
1126	10	3098.762566	12.0905864
1132	10	3103.263144	4.5005782
1136	10	3103.333281	0.0701363
1155	10	3112.350594	9.0173139
1157	10	3112.35929	0.0086956
1162	10	3188.0503	75.6910101
1164	10	3188.407311	0.3570107
1165	10	3191.42514	3.0178292
1166	10	3193.379768	1.9546282
1167	10	3200.206566	6.8267982
1173	10	3200.600298	0.3937315
1180	10	3201.132168	0.53187
1184	10	3208.964498	7.8323298
1189	10	3209.272406	0.3079087
1196	10	3209.601932	0.3295254
1199	10	3212.735871	3.1339392
1207	10	3214.104956	1.3690846
1211	10	3217.348786	3.2438306
1218	10	3225.861016	8.51223
1220	10	3228.751552	2.8905358
1244	10	3229.420694	0.6691416
1247	10	3229.687441	0.2667474
1259	10	3231.838803	2.1513622
1265	10	3233.737504	1.8987007
1276	10	3290.830138	57.0926336
1281	10	3291.28235	0.4522124
1285	10	3311.049636	19.7672865
1291	10	3311.697559	0.6479228
1294	10	3314.829705	3.1321453
1307	10	3319.056471	4.2267667
1312	10	3354.234583	35.178112
1314	10	3354.813283	0.5787
1315	10	3354.988022	0.1747383
1316	11	3362.080395	7.092373
1318	11	3364.102095	2.0217
1324	11	3366.852295	2.7502008
1330	11	3369.870125	3.0178292
1334	11	3380.93284	11.0627158
1335	11	3388.76517	7.8323298
1339	11	3389.64151	0.87634
1340	11	3393.454086	3.8125759
1345	11	3395.329964	1.8758778
1346	11	3395.768334	0.43837
1348	11	3396.73018	0.9618466
1350	11	3397.038089	0.3079087
1352	11	3397.426365	0.388276
1364	11	3397.652975	0.2266094
1365	11	3399.035239	1.3822644
1388	11	3399.567109	0.53187
1389	11	3406.393907	6.8267982
1391	11	3407.360402	0.9664948
1392	11	3410.206736	2.8463338
1396	11	3410.563746	0.3570107
1401	11	3411.186771	0.6230242
1412	11	3414.320919	3.1341487
1425	11	3414.329615	0.0086956
1441	11	3415.060495	0.73088
1445	11	3419.939797	4.8793022
1448	11	3435.540471	15.600674
1452	11	3447.631058	12.0905864
1454	11	3448.300199	0.6691416
1461	11	3457.317513	9.0173139
1466	11	3457.522765	0.2052524
1469	11	3457.789513	0.2667474
1470	11	3462.290091	4.5005782
1479	11	3463.025113	0.7350221
1480	11	3463.360925	0.3358115
1486	11	3464.091199	0.7302742
1507	11	3464.424604	0.3334052
1514	11	3464.599342	0.1747383
1516	11	3541.341297	76.741955
1518	11	3544.473443	3.1321453
1525	11	3601.566076	57.0926336
1536	11	3604.809907	3.2438306
1538	11	3604.872825	0.0629185
1540	11	3604.95719	0.0843651
1542	11	3613.676129	8.7189385
1543	11	3614.053545	0.3774164
1548	11	3614.371685	0.3181397
1553	11	3617.389514	3.0178292
1555	11	3617.71904	0.3295254
1556	11	3626.23127	8.51223
1560	11	3626.844232	0.6129628
1562	11	3627.237964	0.3937315
1578	11	3628.114304	0.87634
1580	11	3628.217479	0.1031747
1582	11	3632.843299	4.62582
1598	11	3633.406856	0.5635577
1613	11	3635.428556	2.0217
1617	11	3639.259478	3.8309215
1633	11	3639.616489	0.3570107
1637	11	3640.148359	0.53187
1646	11	3640.586729	0.43837
1649	11	3640.656865	0.0701363
1652	11	3647.483663	6.8267982
1657	11	3649.359541	1.8758778
1670	11	3651.258242	1.8987007
1676	12	3665.806072	14.54783
1677	12	3667.211746	1.405674
1683	12	3671.183175	3.9714298
1706	12	3755.091431	83.908256
1708	12	3785.308471	30.2170395
1714	12	3786.07081	0.7623395
1715	12	3787.032657	0.9618466
1716	12	3787.207395	0.1747383
1719	12	3788.17389	0.9664948
1720	12	3788.440637	0.2667474
1724	12	3788.89285	0.4522124
1725	12	3789.233499	0.3406487
1729	12	3789.774161	0.5406626
1733	12	3792.567661	2.7935
1738	12	3792.576357	0.0086956
1751	12	3793.199381	0.6230242
1759	12	3793.517521	0.3181397
1761	12	3794.521339	1.0038188
1764	12	3797.367673	2.8463338
1779	12	3855.039007	57.6713336
1782	12	3862.13138	7.092373
1787	12	3862.866402	0.7350221
1796	12	3863.174311	0.3079087
1797	12	3863.282102	0.1077911
1799	12	3863.951243	0.6691416
1801	12	3868.529388	4.5781443
1806	12	3869.974388	1.4450007
1809	12	3872.724589	2.7502008
1817	12	3873.600929	0.87634
1825	12	3874.178613	0.5776837
1830	12	3889.450438	15.2718254
1883	12	3897.282768	7.8323298
1884	12	3901.783346	4.5005782
1890	12	3901.867711	0.0843651
1896	12	3902.224722	0.3570107
1908	12	3902.837685	0.6129628
1921	12	3917.260043	14.422358
1932	12	3918.629127	1.3690846
1937	12	3919.022859	0.3937315
1939	12	3919.156926	0.1340675
1946	12	3919.331665	0.1747383
1962	12	3921.483027	2.1513622
1967	12	3928.309825	6.8267982
1968	12	3942.504825	14.195
1969	12	3943.036695	0.53187
1990	12	3943.766969	0.7302742
1994	12	3944.100375	0.3334052
1999	12	3953.117688	9.0173139
2013	12	3953.435828	0.3181397
2014	12	3953.999386	0.5635577
2018	12	3958.878688	4.8793022
2026	12	3959.145435	0.2667474
2049	13	4016.816769	57.6713336
2051	13	4019.050059	2.23329
2056	13	4035.794285	16.7442258
2057	13	4040.420105	4.62582
2067	13	4041.155127	0.7350221
2068	13	4042.111038	0.955911
2082	13	4046.799954	4.6889159
2088	13	4047.562293	0.7623395
2098	13	4048.528788	0.9664948
2102	13	4048.537484	0.0086956
2107	13	4051.330984	2.7935
2109	13	4053.010543	1.6795593
2112	13	4064.525471	11.5149282
2121	13	4066.547171	2.0217
2124	13	4066.61009	0.0629185
2135	13	4068.015764	1.405674
2149	13	4068.454134	0.43837
2150	13	4068.52427	0.0701363
2166	13	4071.414806	2.8905358
2167	13	4072.966332	1.5515258
2182	13	4074.028573	1.0622413
2185	13	4077.160718	3.1321453
2191	13	4079.65962	2.498902
2192	13	4079.967529	0.3079087
2195	13	4081.20549	1.2379612
2196	13	4082.167337	0.9618466
2199	13	4101.662309	19.4949724
2207	13	4102.01932	0.3570107
2225	13	4109.111693	7.092373
2233	13	4112.163279	3.0515862
2244	13	4112.540695	0.3774164
2250	13	4113.941207	1.4005113
2290	13	4114.543407	0.6022001
2305	13	4114.937138	0.3937315
2310	13	4115.163748	0.2266094
2318	13	4117.31511	2.1513622
2331	13	4117.489848	0.1747383
2341	13	4120.240049	2.7502008
2349	13	4120.975071	0.7350221
2355	13	4121.293211	0.3181397
2373	13	4121.871911	0.5787
2376	13	4122.484874	0.6129628
2379	13	4179.577507	57.0926336
2384	13	4186.404305	6.8267982
2401	13	4187.280645	0.87634
2404	13	4189.543305	2.2626595
2423	13	4190.305644	0.7623395
2431	13	4194.806223	4.5005782
2433	13	4199.701123	4.8949
2453	13	4199.96787	0.2667474
2461	13	4204.59369	4.62582
2479	13	4208.56512	3.9714298
2491	13	4208.649485	0.0843651
2498	13	4210.01857	1.3690846
2505	13	4224.21357	14.195
2518	13	4224.549381	0.3358115
2522	13	4224.882786	0.3334052
2523	13	4225.414656	0.53187
2549	13	4225.423352	0.0086956
2566	13	4226.427171	1.0038188
2578	13	4229.220671	2.7935
2594	13	4229.672883	0.4522124
2595	13	4231.352442	1.6795593
2601	13	4232.352852	1.0004092
2604	13	4243.415567	11.0627158
2610	13	4243.478486	0.0629185
2616	13	4246.722316	3.2438306
2620	13	4247.688811	0.9664948
2630	13	4248.045822	0.3570107
2643	13	4252.59342	4.547598
2645	13	4253.717129	1.1237094
2663	13	4254.759563	1.0424336
2669	13	4261.851936	7.092373
2684	13	4263.25761	1.405674
2691	13	4263.651341	0.3937315
2703	13	4263.856594	0.2052524
2711	13	4264.340534	0.48394
2745	13	4267.22217	2.8816364
2748	13	4267.785728	0.5635577
2765	13	4268.548067	0.7623395
2768	13	4269.278947	0.73088
2772	13	4269.901972	0.6230242
2779	13	4270.24262	0.3406487
2786	14	4305.420732	35.178112
2799	14	4317.511319	12.0905864
2809	14	4318.051981	0.5406626
2813	14	4375.144615	57.0926336
2818	14	4394.877639	19.7330237
2819	14	4397.723972	2.8463338
2830	14	4398.600312	0.87634
2831	14	4403.226132	4.62582
2835	14	4406.358278	3.1321453
2839	14	4406.782074	0.4237961
2888	14	4415.294304	8.51223
2899	14	4415.67172	0.3774164
2904	14	4416.340862	0.6691416
2909	14	4417.302708	0.9618466
2923	14	4417.477447	0.1747383
2927	14	4417.795586	0.3181397
2936	14	4420.545787	2.7502008
2939	14	4421.928052	1.3822644
2959	14	4425.061991	3.1339392
2966	14	4429.617562	4.5555716
2980	14	4429.844172	0.2266094
2985	14	4436.67097	6.8267982
2991	14	4437.405992	0.7350221
3004	14	4442.285294	4.8793022
3022	14	4442.898257	0.6129628
3045	14	4442.961176	0.0629185
3060	14	4457.156176	14.195
3064	14	4457.599576	0.4434
3089	14	4457.733643	0.1340675
3125	14	4458.737462	1.0038188
3126	14	4459.499801	0.7623395
3128	14	4459.893533	0.3937315
3136	14	4463.714804	3.8212715
3140	14	4465.394364	1.6795593
3144	14	4465.727769	0.3334052
3154	14	4541.100639	75.3728704
3156	14	4548.193012	7.092373
3164	14	4548.45976	0.2667474
3192	14	4561.230164	12.770404
3200	14	4565.855984	4.62582
3201	14	4566.185509	0.3295254
3212	14	4566.637722	0.4522124
3234	15	4577.700437	11.0627158
3237	15	4581.671867	3.9714298
3243	15	4586.172445	4.5005782
3253	15	4586.508257	0.3358115
3256	15	4589.301757	2.7935
3267	15	4591.453119	2.1513622
3283	15	4621.862516	30.4093966
3296	15	4622.067768	0.2052524
3311	15	4625.085597	3.0178292
3325	15	4625.193297	0.1077001
3334	15	4625.550308	0.3570107
3336	15	4626.516803	0.9664948
3339	15	4628.415504	1.8987007
3361	15	4634.398721	5.9832179
3427	15	4635.460963	1.0622413
3431	15	4636.001625	0.5406626
3442	15	4636.736647	0.7350221
3460	15	4638.142321	1.405674
3480	15	4638.20524	0.0629185
3505	15	4657.359564	19.1543237
3536	15	4658.121903	0.7623395
3541	15	4715.214537	57.0926336
3542	15	4715.591953	0.3774164
3549	15	4716.468293	0.87634
3570	15	4717.046993	0.5787
3575	15	4717.273603	0.2266094
3582	15	4717.896627	0.6230242
3600	15	4722.522447	4.62582
3604	15	4725.368781	2.8463338
3615	15	4729.181356	3.8125759
3636	15	4730.185175	1.0038188
3637	15	4738.017505	7.8323298
3644	15	4738.358154	0.3406487
3646	15	4741.108355	2.7502008
3654	15	4741.502086	0.3937315
3676	15	4755.697086	14.195
3681	15	4757.066171	1.3690846
3728	15	4764.158544	7.092373
3802	15	4764.292611	0.1340675
3815	15	4765.97217	1.6795593
3832	15	4766.307982	0.3358115
3845	15	4766.411157	0.1031747
3867	15	4766.719065	0.3079087
3879	15	4767.052471	0.3334052
3898	15	4767.593133	0.5406626
3932	15	4768.635567	1.0424336
3933	15	4769.366447	0.73088
3937	15	4769.429365	0.0629185
3952	15	4769.438061	0.0086956
3966	15	4769.890273	0.4522124
3998	15	4769.96041	0.0701363
4005	15	4773.292319	3.3319098
4011	15	4780.119118	6.8267982
4042	15	4780.881457	0.7623395
4055	15	4781.611731	0.7302742
4063	15	4786.237551	4.62582
4072	15	4788.388913	2.1513622
4105	15	4789.392732	1.0038188
4123	15	4794.326009	4.9332764
4126	15	4794.531261	0.2052524
4156	15	4805.593977	11.0627158
4163	15	4809.406553	3.8125759
4170	15	4810.141575	0.7350221
4182	15	4819.158889	9.0173139
4207	15	4821.034767	1.8758778
4209	15	4821.647729	0.6129628
4214	15	4822.025146	0.3774164
4248	15	4822.463516	0.43837
4274	15	4825.257016	2.7935
4293	15	4826.380725	1.1237094
4302	15	4826.607335	0.2266094
4311	15	4826.943146	0.3358115
4340	15	4827.077214	0.1340675
4343	15	4827.520614	0.4434
4354	15	4828.061276	0.5406626
4371	15	4828.455008	0.3937315
4378	15	4829.517249	1.0622413
4389	15	4843.712249	14.195
4425	15	4844.196189	0.48394
4432	15	4846.499889	2.3037
4468	15	4846.702021	0.2021316
4471	15	4846.764939	0.0629185
4487	15	4846.872639	0.1077001
4491	15	4853.965012	7.092373
4546	15	4855.036009	1.0709973
4552	15	4857.78621	2.7502008
4573	15	4858.31808	0.53187
4585	15	4859.321899	1.0038188
4629	15	4860.364333	1.0424336
4643	15	4861.330827	0.9664948
4670	15	4865.956647	4.62582
4705	15	4867.978347	2.0217
4715	15	4868.153086	0.1747383
4741	15	4868.595654	0.4425683
4745	15	4870.275213	1.6795593
4747	16	4889.429537	19.1543237
4767	16	4889.9702	0.5406626
4774	16	4894.470778	4.5005782
4784	16	4895.233117	0.7623395
4796	16	4899.045693	3.8125759
4837	16	4899.379098	0.3334052
4874	16	4899.910438	0.5313399
4923	16	4901.316112	1.405674
4944	16	4901.45018	0.1340675
4966	16	4901.827596	0.3774164
4968	16	4902.163408	0.3358115
4971	16	4905.009742	2.8463338
5017	16	4905.236351	0.2266094
5050	16	4905.859375	0.6230242
5078	16	4910.414947	4.5555716
5081	16	4914.386377	3.9714298
5086	16	4922.597386	8.2110097
5091	16	4927.476688	4.8793022
5135	16	4927.928901	0.4522124
5138	16	4934.365952	6.4370515
5167	16	4935.369771	1.0038188
5169	16	4935.43269	0.0629185
5173	16	4936.16357	0.73088
5199	16	4936.60697	0.4434
5202	16	4937.649403	1.0424336
5213	16	4942.544303	4.8949
5227	16	4943.606545	1.0622413
5230	16	4943.947193	0.3406487
5243	16	4944.487856	0.5406626
5256	16	4944.595556	0.1077001
5262	16	4945.51752	0.9219637
5288	16	4959.71252	14.195
5293	16	4959.721215	0.0086956
5425	16	4965.860567	6.1393521
5452	16	4966.984277	1.1237094
5535	16	4967.817969	0.8336926
5580	16	4980.982105	13.1641355
5582	16	4981.187357	0.2052524
5585	16	4987.170575	5.9832179
5605	16	4987.304643	0.1340675
5610	16	4987.57139	0.2667474
5633	16	4988.120752	0.5493621
5634	16	4991.933328	3.8125759
5649	16	4996.559148	4.62582
5688	16	4998.203707	1.6445593
5706	16	4999.246141	1.0424336
5759	16	5006.338514	7.092373
5771	16	5006.674325	0.3358115
5829	16	5009.424526	2.7502008
5846	16	5009.965189	0.5406626
5853	16	5021.027905	11.0627158
5866	16	5021.405321	0.3774164
5873	16	5022.40914	1.0038188
5900	16	5022.493505	0.0843651
5935	16	5022.720114	0.2266094
5986	16	5023.782356	1.0622413
6008	16	5023.890056	0.1077001
6036	16	5024.333456	0.4434
6040	16	5026.637156	2.3037
6048	16	5026.955295	0.3181397
6073	16	5027.312306	0.3570107
6131	16	5028.991865	1.6795593
6178	16	5029.555423	0.5635577
6184	16	5029.888828	0.3334052
6244	16	5030.931262	1.0424336
6251	16	5031.415202	0.48394
6298	16	5031.617334	0.2021316
6310	16	5031.680252	0.0629185
6425	16	5034.812397	3.1321453
6439	16	5035.543277	0.73088
6442	16	5040.098849	4.5555716
6466	16	5040.863616	0.7647675
6490	16	5040.997684	0.1340675
6511	16	5041.732706	0.7350221
6549	16	5055.927706	14.195
6560	16	5056.506406	0.5787
6602	16	5057.630115	1.1237094
6604	16	5058.506455	0.87634
6622	16	5115.599089	57.0926336
6707	16	5134.753413	19.1543237
6730	16	5135.089224	0.3358115
6802	16	5135.629887	0.5406626
6837	16	5140.524787	4.8949
6841	16	5140.632487	0.1077001
6870	16	5141.703484	1.0709973
6874	16	5145.674914	3.9714298
6906	16	5146.717348	1.0424336
6911	16	5146.943957	0.2266094
6915	16	5149.095319	2.1513622
6922	16	5150.099138	1.0038188
6931	16	5151.161379	1.0622413
6938	16	5151.604779	0.4434
6941	16	5155.417355	3.8125759
6942	16	5155.859924	0.4425683
6967	16	5186.26932	30.4093966
6995	17	5192.252538	5.9832179
7033	17	5205.022942	12.770404
7046	17	5205.554282	0.5313399
7052	17	5207.857982	2.3037
7084	17	5208.235398	0.3774164
7259	17	5208.71222	0.4768212
7280	17	5209.474559	0.7623395
7287	17	5209.926771	0.4522124
7320	17	5210.128903	0.2021316
7626	17	5216.565955	6.4370515
7638	17	5221.121526	4.5555716
7677	17	5225.092956	3.9714298
7681	17	5225.200656	0.1077001
7704	17	5225.334724	0.1340675
7720	17	5225.383589	0.048865
7784	17	5233.594598	8.2110097
7800	17	5234.637032	1.0424336
7801	17	5235.760741	1.1237094
7826	17	5236.244681	0.48394
7886	17	5236.975561	0.73088
7908	17	5237.809254	0.8336926
7932	17	5238.252654	0.4434
7949	17	5239.174618	0.9219637
7978	17	5241.478318	2.3037
8034	17	5248.305116	6.8267982
8059	17	5251.055317	2.7502008
8066	17	5252.117558	1.0622413
8195	17	5252.319689	0.2021316
8294	17	5265.090093	12.770404
8314	17	5265.639456	0.5493621
8316	17	5270.534356	4.8949
8340	17	5270.870167	0.3358115
8345	17	5271.312735	0.4425683
8352	17	5271.844075	0.5313399
8374	17	5277.827293	5.9832179
8388	17	5278.89829	1.0709973
8499	17	5280.54285	1.6445593
8510	17	5280.65055	0.1077001
8618	17	5280.983955	0.3334052
8725	17	5283.777455	2.7935
8727	17	5297.972455	14.195
8768	17	5302.598275	4.62582
8778	17	5302.824884	0.2266094
8812	17	5308.964237	6.1393521
8816	17	5313.519808	4.5555716
8844	17	5315.199367	1.6795593
8892	17	5316.323077	1.1237094
8975	17	5318.626777	2.3037
9031	17	5318.828908	0.2021316
9072	17	5319.206325	0.3774164
9146	17	5319.649725	0.4434
9160	17	5322.981635	3.3319098
9208	17	5323.594597	0.6129628
9227	17	5324.637031	1.0424336
9311	17	5324.771099	0.1340675
9314	17	5332.982108	8.2110097
9435	17	5333.513448	0.5313399
9451	17	5339.9505	6.4370515
9453	17	5340.784192	0.8336926
9478	17	5341.706156	0.9219637
9482	17	5341.737897	0.0317414
9614	17	5354.508301	12.770404
9630	17	5355.239181	0.73088
9639	17	5355.788543	0.5493621
9657	17	5356.859541	1.0709973
9662	17	5362.842759	5.9832179
9664	17	5362.950459	0.1077001
9680	17	5363.393027	0.4425683
9706	17	5364.455268	1.0622413
9733	17	5369.350168	4.8949
9885	17	5399.759565	30.4093966
9914	17	5400.300228	0.5406626
9973	17	5400.784168	0.48394
9983	17	5400.986299	0.2021316
9988	17	5402.630858	1.6445593
10092	17	5403.395626	0.7647675
10093	17	5404.519335	1.1237094
10101	17	5406.823035	2.3037
10130	17	5411.378607	4.5555716
10359	17	5411.772338	0.3937315
10389	17	5411.835257	0.0629185
10579	17	5412.366597	0.5313399
10683	17	5412.915959	0.5493621
10733	17	5413.919778	1.0038188
10737	17	5414.841741	0.9219637
10747	17	5415.285141	0.4434
10759	17	5422.377514	7.092373
10778	17	5423.746599	1.3690846
10788	17	5431.957609	8.2110097
10809	17	5432.791301	0.8336926
10855	17	5433.862299	1.0709973
10934	17	5434.33912	0.4768212
10955	17	5434.781688	0.4425683
10972	17	5438.753118	3.9714298
10984	17	5438.95525	0.2021316
10991	17	5458.162705	19.2074555
11075	17	5461.009039	2.8463338
11123	17	5466.992257	5.9832179
11131	17	5467.954103	0.9618466
11148	17	5468.002968	0.048865
11224	17	5474.14232	6.1393521
11244	17	5479.03722	4.8949
11276	17	5480.68178	1.6445593
11461	17	5482.98548	2.3037
11490	17	5483.09318	0.1077001
11587	17	5484.059675	0.9664948
11642	17	5488.615246	4.5555716
11733	17	5489.164608	0.5493621
11799	18	5492.977184	3.8125759
11821	18	5493.508524	0.5313399
11851	18	5494.239404	0.73088
11898	18	5495.363114	1.1237094
11916	18	5496.285077	0.9219637
11948	18	5497.015351	0.7302742
11996	18	5498.421025	1.405674
12123	18	5498.904965	0.48394
12129	18	5502.236875	3.3319098
12181	18	5502.442128	0.2052524
12185	18	5503.513125	1.0709973
12208	18	5511.724135	8.2110097
12330	18	5511.926266	0.2021316
12333	18	5512.759959	0.8336926
12398	18	5513.202527	0.4425683
12511	18	5514.264768	1.0622413
12513	18	5520.70182	6.4370515
12523	18	5533.472224	12.770404
12576	18	5534.236991	0.7647675
12600	18	5534.713813	0.4768212
12620	18	5536.358372	1.6445593
12725	18	5566.767769	30.4093966
12788	18	5572.750986	5.9832179
12926	18	5573.300349	0.5493621
13056	18	5573.640997	0.3406487
13060	18	5578.535897	4.8949
13095	18	5579.457861	0.9219637
13110	18	5580.080885	0.6230242
13157	18	5586.220237	6.1393521
13307	18	5586.751577	0.5313399
13324	18	5587.194977	0.4434
13365	18	5587.243842	0.048865
13368	18	5587.275584	0.0317414
13381	18	5589.579284	2.3037
13458	18	5594.134855	4.5555716
13660	18	5598.635433	4.5005782
13691	18	5599.706431	1.0709973
13758	18	5607.91744	8.2110097
13838	18	5608.751133	0.8336926
13984	18	5609.227954	0.4768212
14143	18	5610.872513	1.6445593
14261	18	5611.315082	0.4425683
14287	18	5611.449149	0.1340675
14309	18	5611.651281	0.2021316
14316	18	5618.088332	6.4370515
14350	18	5618.637694	0.5493621
14478	18	5619.680128	1.0424336
14504	18	5620.01594	0.3358115
14512	18	5632.786344	12.770404
14555	18	5633.910053	1.1237094
14619	18	5637.241963	3.3319098
14620	18	5638.163926	0.9219637
14636	18	5649.226642	11.0627158
14866	18	5649.99141	0.7647675
14915	18	5655.974628	5.9832179
15227	18	5662.84486	6.8702321
15245	18	5663.3762	0.5313399
15431	18	5663.425065	0.048865
15451	18	5663.901886	0.4768212
15507	18	5668.796786	4.8949
15518	18	5669.174202	0.3774164
15576	18	5670.007895	0.8336926
15577	18	5671.078892	1.0709973
15669	18	5671.305502	0.2266094
15677	18	5679.516511	8.2110097
15750	18	5679.548253	0.0317414
15782	18	5709.957649	30.4093966
15805	18	5711.602209	1.6445593
15928	18	5716.481511	4.8793022
16076	18	5716.965451	0.48394
16225	18	5721.521022	4.5555716
16389	18	5727.958074	6.4370515
16394	18	5728.507436	0.5493621
16507	18	5730.811136	2.3037
16622	18	5733.561337	2.7502008
16761	18	5734.4833	0.9219637
16863	18	5734.925869	0.4425683
17163	18	5735.378081	0.4522124
17243	18	5738.709991	3.3319098
17246	18	5739.186812	0.4768212
17414	18	5739.95158	0.7647675
17485	18	5746.090932	6.1393521
17648	18	5746.139797	0.048865
17722	18	5746.171538	0.0317414
17786	18	5758.941942	12.770404
17964	18	5759.775635	0.8336926
18039	18	5765.758853	5.9832179
18149	18	5773.969862	8.2110097
18168	18	5774.303268	0.3334052
18257	18	5774.834607	0.5313399
18296	18	5776.479167	1.6445593
18498	18	5795.63349	19.1543237
18679	18	5796.704488	1.0709973
18947	19	5810.899488	14.195
19166	19	5817.336539	6.4370515
19209	19	5847.745936	30.4093966
19285	19	5848.222757	0.4768212
19352	19	5853.117657	4.8949
19478	19	5853.667019	0.5493621
19567	19	5853.698761	0.0317414
19728	19	5853.806461	0.1077001
19847	19	5854.728424	0.9219637
19948	19	5854.777289	0.048865
20130	19	5860.916641	6.1393521
20184	19	5864.248551	3.3319098
20308	19	5864.69112	0.4425683
20390	19	5864.893251	0.2021316
20650	19	5865.658019	0.7647675
21493	19	5866.491711	0.8336926
21624	19	5866.523453	0.0317414
21743	19	5870.494882	3.9714298
22110	19	5878.705892	8.2110097
22173	19	5878.754757	0.048865
22199	19	5879.231578	0.4768212
22357	19	5880.876138	1.6445593
23079	19	5881.360078	0.48394
23095	19	5882.422319	1.0622413
23381	19	5885.754229	3.3319098
23430	19	5916.163625	30.4093966
23591	19	5922.600677	6.4370515
23774	19	5928.740029	6.1393521
24353	19	5929.863738	1.1237094
24385	19	5929.89548	0.0317414
24857	19	5934.451051	4.5555716
25066	19	5935.215819	0.7647675
25285	19	5935.659219	0.4434
25336	19	5937.338778	1.6795593
25935	19	5937.387643	0.048865
26176	19	5937.864464	0.4768212
26789	19	5938.595344	0.73088
27507	19	5941.927254	3.3319098
27839	19	5944.230954	2.3037
27886	19	5944.262696	0.0317414
28984	19	5950.245913	5.9832179
28988	19	5951.167877	0.9219637
29048	19	5981.577274	30.4093966
29434	19	5987.716626	6.1393521
29462	19	5988.247966	0.5313399
29508	19	6001.01837	12.770404
29556	19	6001.50231	0.48394
30173	19	6002.573307	1.0709973
31031	19	6002.622172	0.048865
31321	19	6003.171534	0.5493621
31501	19	6003.936302	0.7647675
32295	19	6008.831202	4.8949
33293	19	6009.27377	0.4425683
33355	19	6010.107463	0.8336926
33594	19	6010.139204	0.0317414
33627	19	6010.1479	0.0086956
33782	19	6013.479809	3.3319098
37224	19	6015.124369	1.6445593
38001	19	6023.335378	8.2110097
38077	19	6053.744775	30.4093966
41164	19	6054.221596	0.4768212
43111	19	6060.658648	6.4370515
46890	19	6061.142588	0.48394
51521	19	6061.191453	0.048865
52257	19	6067.330805	6.1393521
53300	19	6068.095572	0.7647675
56054	19	6071.427482	3.3319098
59348	19	6071.459223	0.0317414
72925	19	6101.86862	30.4093966
